2.030989638207443889e-06 4.936457064239793701e+11
2.067356697693331024e-06 2.147469030786071777e+10
2.104374948593866968e-06 2.016481336139950943e+10
2.142056051193514550e-06 2.019560821309285355e+10
2.180411874566697649e-06 1.941927534628791809e+10
2.219454500316422502e-06 1.864816747102152252e+10
2.259196226379809549e-06 1.918766392803387451e+10
2.299649570901819042e-06 1.924065844183901215e+10
2.340827276178294449e-06 1.819227575166095352e+10
2.382742312669612403e-06 1.776257643160283279e+10
2.425407883086242361e-06 1.689214512269315338e+10
2.468837426547417916e-06 1.666414237136398697e+10
2.513044622814297023e-06 1.452489659019082642e+10
2.558043396598898231e-06 1.087012537383959389e+10
2.603847921950238871e-06 5.108557012194252014e+09
2.650472626718966952e-06 5.300027684077638626e+09
2.697932197101938980e-06 5.151965580774078369e+09
2.746241582268217986e-06 5.367443580342081070e+09
2.795415999067853763e-06 5.478625393338897705e+09
2.845470936825008961e-06 5.218695285428644180e+09
2.896422162216882415e-06 5.423809599324993134e+09
2.948285724240044153e-06 5.154075936245634079e+09
3.001077959265656358e-06 5.066921822818620682e+09
3.054815496185201478e-06 5.014435467589041710e+09
3.109515261648414973e-06 5.138963768252296448e+09
3.165194485394941393e-06 4.822747288343614578e+09
3.221870705681498516e-06 4.833153412240882874e+09
3.279561774806183033e-06 4.798822914368125916e+09
3.338285864731757529e-06 4.530681423626999855e+09
3.398061472809575160e-06 4.800071391012319565e+09
3.458907427605987678e-06 4.362731227397644997e+09
3.520842894833153237e-06 4.575125189948149681e+09
3.583887383385963455e-06 4.280341833790900230e+09
3.648060751487118790e-06 4.128483973578967094e+09
3.713383212942186062e-06 4.014921179979096413e+09
3.779875343506741309e-06 4.096799067138052464e+09
3.847558087367450006e-06 3.798142890393577576e+09
3.916452763739200959e-06 3.796704753448734283e+09
3.986581073580438997e-06 3.705035328188189507e+09
4.057965106428659017e-06 3.534813863194714546e+09
4.130627347358355170e-06 3.553757318383390903e+09
4.204590684063499550e-06 3.319280079744726181e+09
4.279878414066930145e-06 3.247507037374930382e+09
4.356514252058743592e-06 3.026917954018001080e+09
4.434522337366145755e-06 3.046344323850483418e+09
4.513927241556996291e-06 2.832425880378241539e+09
4.594753976179599311e-06 2.808807514669823647e+09
4.677028000641005097e-06 2.800828414851466179e+09
4.760775230226368231e-06 2.774479010612636089e+09
4.846022044261998072e-06 2.547016280311061382e+09
4.932795294424476686e-06 2.515792244115405560e+09
5.021122313198619940e-06 2.482699070668946743e+09
5.111030922486826261e-06 2.344817503380803585e+09
5.202549442372687029e-06 2.296326692254268169e+09
5.295706700041429359e-06 2.189339832528158188e+09
5.390532038860083035e-06 2.235940850995479107e+09
5.487055327620337916e-06 2.045747620952163696e+09
5.585306969946796375e-06 2.015422552172698975e+09
5.685317913873753115e-06 1.952914810643110991e+09
5.787119661593396657e-06 1.843473239215171337e+09
5.890744279378666493e-06 1.819360296813916206e+09
5.996224407683699154e-06 1.724491431920751810e+09
6.103593271425121750e-06 1.711218598514513254e+09
6.212884690447556536e-06 1.667732545733438969e+09
6.324133090176398539e-06 1.592652134922534704e+09
6.437373512461419536e-06 1.540384199215205669e+09
6.552641626614456936e-06 1.496661768083616972e+09
6.669973740644878917e-06 1.421241801781131268e+09
6.789406812696098765e-06 1.406940900043493032e+09
6.910978462686952609e-06 1.372191589629188061e+09
7.034726984161448940e-06 1.320534067910213709e+09
7.160691356350832882e-06 1.301691458607272863e+09
7.288911256451520192e-06 1.279485306575398445e+09
7.419427072122865105e-06 1.179838096711863279e+09
7.552279914208859134e-06 1.160570080973737717e+09
7.687511629687468273e-06 1.155016786932935476e+09
7.825164814851940344e-06 1.080828378586380005e+09
7.965282828728037273e-06 1.044728280200945854e+09
8.107909806731677341e-06 9.900979599087816477e+08
8.253090674570996414e-06 1.005130635315350533e+09
8.400871162397322513e-06 9.432279391719253063e+08
8.551297819209707998e-06 9.410734212112985849e+08
8.704418027517208802e-06 8.925005500923833847e+08
8.860280018263818409e-06 8.733905857579308748e+08
9.018932886020532318e-06 8.336629142732595205e+08
9.180426604449633637e-06 8.001657116608541012e+08
9.344812042045716209e-06 7.884852809325491190e+08
9.512140978158566416e-06 7.808595836233847141e+08
9.682466119303114621e-06 7.583722019879641533e+08
9.855841115761258901e-06 7.199272119322493076e+08
1.003232057848106343e-05 6.911083652634547949e+08
1.021196009627844758e-05 6.612937817197084427e+08
1.039481625334707977e-05 6.431514378689502478e+08
1.058094664708162783e-05 6.162606986022344828e+08
1.077040990622016120e-05 6.083274303492307663e+08
1.096326570931158164e-05 5.850685242492253780e+08
1.115957480351354425e-05 5.565801899248729944e+08
1.135939902372708587e-05 5.409250890163333416e+08
1.156280131207375302e-05 5.331513746604676843e+08
1.176984573772172094e-05 5.171865156377970576e+08
1.198059751706670417e-05 4.895185460200339556e+08
1.219512303427423353e-05 4.817436129124088883e+08
1.241348986218998239e-05 4.466215164831498861e+08
1.263576678362425957e-05 4.134736054727833867e+08
1.286202381301779250e-05 1.849742408665164709e+08
1.309233221849528364e-05 6.465486111299841851e+07
1.332676454431413504e-05 6.706316111174850166e+07
1.356539463371490859e-05 6.912360522622981668e+07
1.380829765218092365e-05 6.890335341088610888e+07
1.405555011111461682e-05 7.205607104422329366e+07
1.430722989193755717e-05 7.583416346505481005e+07
1.456341627062218056e-05 7.488464572462084889e+07
1.482418994266259706e-05 7.463831179787634313e+07
1.508963304849284691e-05 7.402913321450062096e+07
1.535982919936001317e-05 7.305225478028890491e+07
1.563486350366062076e-05 7.287514330263294280e+07
1.591482259374890564e-05 7.097366070117083192e+07
1.619979465322477912e-05 6.908261624364721775e+07
1.648986944471064877e-05 6.908551820813415945e+07
1.678513833812535111e-05 6.473191061018532515e+07
1.708569433946474883e-05 6.443688424668474495e+07
1.739163212009735130e-05 6.270426546993737668e+07
1.770304804658450246e-05 6.043110402212829888e+07
1.802004021103483986e-05 5.850790325947161019e+07
1.834270846200194239e-05 5.878670289335277677e+07
1.867115443593545307e-05 5.769917835834361613e+07
1.900548158919511955e-05 5.597204902023567259e+07
1.934579523063848262e-05 5.341871244084121287e+07
1.969220255479173340e-05 5.097018991830381006e+07
2.004481267561452690e-05 4.791094481529837102e+07
2.040373666086973977e-05 4.710553246458104998e+07
2.076908756710826206e-05 4.725988722406905144e+07
2.114098047528049169e-05 4.496260431665097177e+07
2.151953252698519080e-05 4.477148791883088648e+07
2.190486296136790443e-05 4.265639838422550261e+07
2.229709315267964831e-05 4.121770970521322638e+07
2.269634664850814405e-05 3.981121448709164560e+07
2.310274920869403306e-05 3.877150995070154965e+07
2.351642884494346329e-05 3.701949168215105683e+07
2.393751586115025918e-05 3.680696300626830012e+07
2.436614289443983150e-05 3.449083588718858361e+07
2.480244495694848794e-05 3.423401140438456088e+07
2.524655947835042303e-05 3.424606841848940402e+07
2.569862634914618399e-05 3.213233701118514687e+07
2.615878796472672729e-05 3.200453664226217195e+07
2.662718927022597826e-05 2.985803690851871669e+07
2.710397780617683188e-05 2.902731027200810984e+07
2.758930375498436083e-05 2.889429925674717128e+07
2.808331998823169760e-05 2.737435935817917064e+07
2.858618211483251916e-05 2.756942298737527058e+07
2.909804853004571985e-05 2.536950131130870059e+07
2.961908046536827432e-05 2.587180129572741315e+07
3.014944203932091394e-05 2.395204740885202587e+07
3.068930030914344883e-05 2.414945522498883307e+07
3.123882532341576472e-05 2.260779654923851043e+07
3.179819017562075779e-05 2.219952471771139652e+07
3.236757105866701193e-05 2.140911088101375476e+07
3.294714732038689559e-05 2.086549418884918839e+07
3.353710152002928861e-05 2.059076496357168257e+07
3.413761948576320566e-05 1.983129560599231347e+07
3.474889037321141858e-05 1.913587039932846278e+07
3.537110672503215652e-05 1.846764165979838744e+07
3.600446453156734263e-05 1.773941711795486137e+07
3.664916329257760782e-05 1.732499834262503684e+07
3.730540608008161874e-05 1.709981134802120179e+07
3.797339960232172230e-05 1.635259702564109862e+07
3.865335426887418253e-05 1.622851418655036204e+07
3.934548425692559198e-05 1.552430644904261269e+07
4.005000757873611187e-05 1.468394399507390521e+07
4.076714615031024915e-05 1.432198588139376417e+07
4.149712586129819628e-05 1.426160614665278420e+07
4.224017664614758134e-05 1.367523197611023113e+07
4.299653255653049743e-05 1.304199290875329077e+07
4.376643183506651952e-05 1.269134978468694538e+07
4.455011699036623223e-05 1.262299868108878843e+07
4.534783487341847698e-05 1.183825567004496790e+07
4.615983675534494760e-05 1.159469810807872191e+07
4.698637840654810088e-05 1.119969390389743634e+07
4.782772017727485219e-05 1.075930437406447902e+07
4.868412707962432677e-05 1.065328159363443032e+07
4.955586887102294316e-05 1.022451028863168694e+07
5.044322013919471976e-05 9.877751175887534395e+06
5.134646038865306271e-05 9.598151994623903185e+06
5.226587412874076738e-05 9.258471549385603517e+06
5.320175096324762198e-05 8.851354353899708018e+06
5.415438568163112625e-05 8.659472463233347982e+06
5.512407835187220040e-05 8.458147985834622756e+06
5.611113441499242721e-05 8.339884199195469730e+06
5.711586478126423513e-05 7.948807840773466974e+06
5.813858592814384477e-05 7.687463703088271432e+06
5.917961999995724828e-05 7.293312176274803467e+06
6.023929490937243221e-05 7.118300247159596533e+06
6.131794444068679867e-05 7.012696921468447894e+06
6.241590835496588891e-05 6.656044049750927836e+06
6.353353249706337373e-05 6.626890162803680636e+06
6.467116890455793378e-05 6.347500117375543341e+06
6.582917591864082950e-05 6.168588800112166442e+06
6.700791829698838113e-05 5.904786241206318140e+06
6.820776732865678374e-05 5.646602175955376588e+06
6.942910095103317961e-05 5.589372488910024054e+06
7.067230386888070438e-05 5.404284462183759548e+06
7.193776767551656544e-05 5.272456443577973172e+06
7.322589097615840278e-05 5.110634135447698645e+06
7.453707951348025377e-05 4.927664111718509346e+06
7.587174629541578450e-05 4.829282477050326765e+06
7.723031172525150517e-05 4.738905462632296607e+06
7.861320373404814702e-05 4.496746930323673412e+06
8.002085791543297251e-05 4.405500480271034874e+06
8.145371766280736284e-05 4.324917961375716142e+06
8.291223430900951331e-05 4.065128589920163620e+06
8.439686726847889827e-05 3.996087371134669054e+06
8.590808418196541269e-05 3.862510411809125450e+06
8.744636106383135612e-05 3.764891654157277662e+06
8.901218245198946454e-05 3.706208957414770033e+06
9.060604156052576557e-05 3.553991097124123015e+06
9.222844043505683221e-05 3.424968018040399533e+06
9.387989011086721560e-05 3.338581450883228797e+06
9.556091077387945075e-05 3.223006773878840264e+06
9.727203192450537027e-05 3.148026432356700767e+06
9.901379254443320717e-05 3.047395551470319740e+06
1.007867412663994113e-04 2.965595078014285769e+06
1.025914365470009755e-04 2.891511100564814638e+06
1.044284468426024402e-04 2.798134492038253695e+06
1.062983507883928446e-04 2.743916357432618737e+06
1.082017373806478777e-04 2.627766440199607052e+06
1.101392061622566968e-04 2.544082631898075808e+06
1.121113674115705664e-04 2.450758483108262531e+06
1.141188423346327162e-04 2.385017526066759136e+06
1.161622632608501891e-04 2.320419380615786184e+06
1.182422738421698845e-04 2.222167773563867435e+06
1.203595292558212341e-04 2.177888307145316154e+06
1.225146964106880684e-04 2.086139865944174817e+06
1.247084541573769475e-04 2.035992060327126412e+06
1.269414935020466990e-04 1.970762694148680661e+06
1.292145178240666661e-04 1.914371634858267382e+06
1.315282430975718900e-04 1.831825805471638218e+06
1.338833981169863774e-04 1.784644358120603487e+06
1.362807247265845607e-04 1.715774979572387878e+06
1.387209780541621008e-04 1.656507808847389650e+06
1.412049267488921169e-04 1.600956529308209661e+06
1.437333532234402983e-04 1.530065155932180816e+06
1.463070539004147376e-04 1.478900631914468715e+06
1.489268394632288733e-04 1.428765551961147925e+06
1.515935351114567969e-04 1.367313935438855551e+06
1.543079808207612369e-04 1.348752314352580579e+06
1.570710316074744512e-04 1.290047093330733245e+06
1.598835577979180577e-04 1.226047880653597647e+06
1.627464453025452887e-04 1.190780655852566240e+06
1.656605958949913468e-04 1.125750464615263510e+06
1.686269274961203605e-04 1.075238255573349539e+06
1.716463744631593631e-04 1.028308640896150842e+06
1.747198878840093626e-04 9.780873440424955916e+05
1.778484358768260153e-04 9.370410101996447193e+05
1.810330038949633580e-04 8.809406480843930040e+05
1.842745950373814872e-04 8.364775464619525010e+05
1.875742303646087670e-04 7.918842581135462970e+05
1.909329492203630041e-04 7.413448527984006796e+05
1.943518095589320132e-04 7.117415861689868616e+05
1.978318882784162191e-04 6.515979225824121386e+05
2.013742815599378676e-04 6.113672759214935359e+05
2.049801052129237471e-04 5.720119966667138506e+05
2.086504950265716306e-04 5.399829805104576517e+05
2.123866071276101582e-04 4.920599075437446591e+05
2.161896183444631566e-04 4.556690732676420594e+05
2.200607265779362751e-04 4.201266859969274956e+05
2.240011511785414860e-04 3.826085159049200593e+05
2.280121333305755958e-04 3.499116106761044357e+05
2.320949364430795376e-04 3.173809235370394890e+05
2.362508465477945068e-04 2.916880300393365906e+05
2.404811727042477029e-04 2.592037974704223743e+05
2.447872474120877783e-04 2.348405616855116095e+05
2.491704270308073093e-04 2.106333242129361315e+05
2.536320922069775679e-04 1.848821054168571136e+05
2.581736483091352677e-04 1.657141283151859825e+05
2.627965258704570797e-04 1.441988002036215039e+05
2.675021810393576329e-04 1.248346807046519098e+05
2.722920960381601595e-04 1.102148771638995968e+05
2.771677796299757421e-04 9.669093188127739995e+04
2.821307675939470740e-04 8.509750368061235349e+04
2.871826232089975126e-04 7.292932911280621192e+04
2.923249377462451863e-04 6.135732918404754309e+04
2.975593309702343750e-04 5.461871877599352592e+04
3.028874516491389889e-04 4.664477750864785776e+04
3.083109780741060887e-04 4.119953743655743165e+04
3.138316185878941081e-04 3.616571809179925185e+04
3.194511121229821784e-04 3.160877373056815850e+04
3.251712287493093920e-04 2.793484458947575695e+04
3.309937702318257687e-04 2.392906815331105463e+04
3.369205705980267201e-04 2.116622351182695638e+04
3.429534967156461071e-04 1.912554576673532574e+04
3.490944488806990926e-04 1.793633021985526648e+04
3.553453614160486393e-04 1.618055186851870531e+04
3.617082032806957434e-04 1.484936963347063283e+04
3.681849786899744101e-04 1.414346531441106345e+04
3.747777277468552029e-04 1.336757347511281296e+04
3.814885270845535517e-04 1.253341157963990736e+04
3.883194905206401992e-04 1.211898557849349163e+04
3.952727697228703005e-04 1.164577052962408743e+04
4.023505548869288806e-04 1.106064591956685399e+04
4.095550754263179469e-04 1.073097311661463027e+04
4.168886006745904952e-04 1.028731818835265767e+04
4.243534406001655450e-04 1.004187899405991084e+04
4.319519465339363251e-04 9.566838073952823834e+03
4.396865119099110041e-04 9.240960226600011083e+03
4.475595730191158695e-04 8.985313408386633455e+03
4.555736097769933000e-04 8.501923163221681534e+03
4.637311465045475299e-04 8.273047349076292448e+03
4.720347527234705501e-04 7.953165808838965859e+03
4.804870439655129074e-04 7.842959441010068076e+03
4.890906825963398791e-04 7.581027128813855597e+03
4.978483786541449936e-04 7.061643482845778635e+03
5.067628907032790475e-04 7.025853508751992194e+03
5.158370267031604089e-04 6.881518687081362259e+03
5.250736448927504534e-04 6.627652857086901349e+03
5.344756546908594353e-04 6.371481581263695261e+03
5.440460176125803005e-04 6.143839653454247127e+03
5.537877482021259356e-04 5.875360667922050197e+03
5.637039149823736472e-04 5.791914143511734437e+03
5.737976414214134013e-04 5.533599433366712219e+03
5.840721069163971099e-04 5.291630513804326256e+03
5.945305477950134669e-04 5.234121248344621563e+03
6.051762583348854058e-04 4.945817083494723192e+03
6.160125918012319176e-04 4.806601332163932966e+03
6.270429615030991086e-04 4.648923897869260145e+03
6.382708418685125373e-04 4.510640947863277688e+03
6.496997695388797775e-04 4.339698220294389102e+03
6.613333444829837563e-04 4.166939052264785460e+03
6.731752311309330012e-04 4.081811049321481278e+03
6.852291595284057662e-04 3.850905049136340949e+03
6.974989265115730383e-04 3.794417301857291477e+03
7.099883969030487772e-04 3.665730729769062236e+03
7.227015047292661585e-04 3.532647306774297704e+03
7.356422544596414020e-04 3.449316686933160781e+03
7.488147222679337111e-04 3.305914549231320052e+03
7.622230573161910966e-04 3.166024549476312586e+03
7.758714830616790081e-04 3.046026855018664264e+03
7.897642985872223124e-04 2.959643514086592859e+03
8.039058799553565685e-04 2.892736081795839709e+03
8.183006815867389754e-04 2.745626567966822677e+03
8.329532376632292580e-04 2.681445744012531577e+03
8.478681635561024664e-04 2.609305901878792156e+03
8.630501572798358282e-04 2.461313341974807372e+03
8.785040009719180792e-04 2.380502959173943509e+03
8.942345623991697053e-04 2.305225003549412577e+03
9.102467964910216551e-04 2.233740924939748766e+03
9.265457469002625311e-04 2.183160547790605506e+03
9.431365475917203580e-04 2.116122709890118585e+03
9.600244244593990209e-04 2.022495470657243686e+03
9.772146969725724417e-04 1.942007782707078604e+03
9.947127798513443354e-04 1.902520062744047891e+03
1.012524184772224103e-03 1.834935253876637717e+03
1.030654522104228546e-03 1.778277746998088332e+03
1.049109502676085545e-03 1.734130552645012131e+03
1.067894939575065542e-03 1.664910096170458246e+03
1.087016749978035948e-03 1.619633042406967206e+03
1.106480957015298352e-03 1.551884072600526679e+03
1.126293691667794002e-03 1.490337309398948946e+03
1.146461194698292522e-03 1.457406710689057718e+03
1.166989818617146296e-03 1.395629907592260679e+03
1.187886029683259733e-03 1.367833466726168353e+03
1.209156409940870822e-03 1.306080319764522756e+03
1.230807659292822154e-03 1.260816740598336082e+03
1.252846597610937467e-03 1.233990522854042410e+03
1.275280166884199115e-03 1.204179087839001795e+03
1.298115433405391513e-03 1.143837860370521184e+03
1.321359589996886014e-03 1.108723445703330071e+03
1.345019958276299707e-03 1.070181335687281717e+03
1.369103990962702942e-03 1.037654050416214659e+03
1.393619274224142113e-03 1.004175554335972834e+03
1.418573530067178965e-03 9.572962341327179274e+02
1.443974618769229210e-03 9.346601831840346222e+02
1.469830541354455499e-03 9.045674865155260704e+02
1.496149442113980411e-03 8.726456744566517045e+02
1.522939611171246488e-03 8.352624280913315715e+02
1.550209487093289623e-03 8.132892864635060732e+02
1.577967659548794267e-03 7.868059116966827560e+02
1.606222872013719945e-03 7.553829706080571214e+02
1.634984024525391400e-03 7.432376646817992878e+02
1.664260176485903671e-03 7.210339533137338321e+02
1.694060549515707731e-03 6.943716968625614072e+02
1.724394530358320165e-03 6.674538118423960213e+02
1.755271673837014270e-03 6.422797664912829987e+02
1.786701705864484398e-03 6.252579938837234295e+02
1.818694526506373695e-03 6.020928885325837427e+02
1.851260213099675464e-03 5.873366299581396106e+02
1.884409023426974420e-03 5.705664784298793393e+02
1.918151398947505774e-03 5.496429657206263073e+02
1.952497968086098568e-03 5.321457962262132924e+02
1.987459549580981866e-03 5.175570983871035651e+02
2.023047155891565755e-03 4.935601571649270340e+02
2.059271996667213275e-03 4.809124199305317688e+02
2.096145482278155125e-03 4.603091512988597742e+02
2.133679227409597968e-03 4.539016542036434885e+02
2.171885054720210703e-03 4.325542430193782479e+02
2.210774998566121703e-03 4.213094197440487960e+02
2.250361308791573242e-03 4.099002166530185036e+02
2.290656454587485999e-03 3.947837187905703331e+02
2.331673128419081611e-03 3.855026789500197992e+02
2.373424250023866040e-03 3.677448146962655073e+02
2.415922970481170721e-03 3.604463389619164673e+02
2.459182676354582011e-03 3.463119159713467639e+02
2.503216993908550028e-03 3.346145150179879693e+02
2.548039793400473131e-03 3.260357169774628687e+02
2.593665193449674455e-03 3.151574022243525519e+02
2.640107565484570238e-03 3.064478070240637635e+02
2.687381538269509665e-03 2.949707636975755349e+02
2.735502002512633663e-03 2.838780913662686771e+02
2.784484115556268811e-03 2.772095783795445527e+02
2.834343306151309184e-03 2.709964777788133574e+02
2.885095279317058479e-03 2.618845418888204790e+02
2.936756021288137487e-03 2.530404812187781829e+02
2.989341804549924039e-03 2.449307432973720893e+02
3.042869192964205074e-03 2.379364979262278439e+02
3.097355046986561763e-03 2.306090925178120017e+02
3.152816528977225429e-03 2.243384961379457252e+02
3.209271108606984169e-03 2.180346963511044862e+02
3.266736568359918276e-03 2.102043335010173166e+02
3.325231009134670557e-03 2.042345214324491280e+02
3.384772855945979760e-03 1.975672184898515695e+02
3.445380863728353220e-03 1.927658868092809428e+02
3.507074123243611279e-03 1.877427940620142977e+02
3.569872067094264148e-03 1.823566335284079969e+02
3.633794475844513185e-03 1.771033907326579140e+02
3.698861484250891025e-03 1.718319744552224790e+02
3.765093587604469161e-03 1.656741985395898098e+02
3.832511648186589723e-03 1.613838946296829135e+02
3.901136901840253444e-03 1.567074439969198068e+02
3.970990964659114504e-03 1.514933730114958337e+02
4.042095839796306170e-03 1.477456677755181431e+02
4.114473924395133791e-03 1.435047553666595093e+02
4.188148016643904181e-03 1.405738561459609741e+02
4.263141322957081890e-03 1.370777159744016274e+02
4.339477465284988060e-03 1.331452872905089180e+02
4.417180488554453555e-03 1.289374004194404506e+02
4.496274868242635531e-03 1.250052933020642030e+02
4.576785518086516277e-03 1.221120873220417593e+02
4.658737797930392367e-03 1.181629571726656422e+02
4.742157521713917176e-03 1.153417572318598161e+02
4.827070965603183494e-03 1.116466204851848971e+02
4.913504876267349442e-03 1.087531093237103903e+02
5.001486479303548539e-03 1.058084252121862363e+02
5.091043487812567207e-03 1.027594571078181502e+02
5.182204111128163246e-03 9.959894057237491438e+01
5.274997063702614383e-03 9.665264300244024298e+01
5.369451574151450253e-03 9.401486998280724094e+01
5.465597394460061827e-03 9.043350086782166386e+01
5.563464809355220600e-03 8.822515893080110061e+01
5.663084645844402784e-03 8.524370813728035046e+01
5.764488282925873605e-03 8.234676510144704764e+01
5.867707661472717530e-03 7.911052725531249052e+01
5.972775294293773858e-03 7.604656754717369438e+01
6.079724276374804878e-03 7.328887607256704939e+01
6.188588295302960111e-03 7.021316217313680852e+01
6.299401641877962719e-03 6.710157642758986185e+01
6.412199220913301911e-03 6.357438273354856761e+01
6.527016562230761147e-03 6.062919753008971924e+01
6.643889831851922459e-03 5.748008609866344898e+01
6.762855843389955005e-03 5.466360723463015603e+01
6.883952069645496441e-03 5.114319087719236023e+01
7.007216654410063604e-03 4.832285791578196665e+01
7.132688424480893019e-03 4.531425590175174989e+01
7.260406901890912278e-03 4.216143224982301518e+01
7.390412316357636985e-03 3.943645696160000114e+01
7.522745617955084625e-03 3.666120977977396223e+01
7.657448490012472297e-03 3.405185669458145981e+01
7.794563362244007372e-03 3.161194837300757499e+01
7.934133424113655117e-03 2.959305118368087051e+01
8.076202638439309439e-03 2.738522332408642157e+01
8.220815755240541353e-03 2.537011521672318892e+01
8.368018325834246374e-03 2.382396959203063602e+01
8.517856717182803461e-03 2.228784345278813817e+01
8.670378126499012073e-03 2.123793274806946485e+01
8.825630596112694903e-03 2.012544615352126698e+01
8.983663028603360370e-03 1.910724023357471069e+01
9.144525202203971151e-03 1.817688659209712299e+01
9.308267786480394976e-03 1.754476439284993816e+01
9.474942358291719297e-03 1.678048212236144465e+01
9.644601418036332155e-03 1.633120333148319503e+01
9.817298406188831178e-03 1.573006381672414022e+01
9.993087720133173035e-03 1.531155044245070940e+01
1.017202473129709232e-02 1.486082927969530409e+01
1.035416580259348497e-02 1.447229845776304913e+01
1.053956830617394473e-02 1.405919746911426138e+01
1.072829064150030917e-02 1.358659452999194706e+01
1.092039225373977844e-02 1.322686019336375018e+01
1.111593365248932964e-02 1.282555839087562077e+01
1.131497643083556950e-02 1.240361322798433008e+01
1.151758328475568395e-02 1.218300454975281788e+01
1.172381803286598467e-02 1.174348231071484783e+01
1.193374563652389343e-02 1.149358379717109102e+01
1.214743222028997691e-02 1.113672603834030816e+01
1.236494509275640023e-02 1.085499695744144510e+01
1.258635276774820039e-02 1.054303771932502265e+01
1.281172498590438247e-02 1.022446141561778354e+01
1.304113273664524002e-02 9.997399181660028944e+00
1.327464828053323900e-02 9.760399557493872891e+00
1.351234517203409383e-02 9.440640343394264278e+00
1.375429828268553978e-02 9.281227114888546126e+00
1.400058382468097502e-02 9.008780566901014808e+00
1.425127937487523887e-02 8.816835828675612774e+00
1.450646389922046788e-02 8.665529243567059225e+00
1.476621777763926190e-02 8.405641097651740168e+00
1.503062282934346586e-02 8.240977271413274963e+00
1.529976233860607868e-02 7.974160311395070977e+00
1.557372108099487791e-02 7.839554311724256763e+00
1.585258535007554384e-02 7.654703738195313356e+00
1.613644298459309886e-02 7.495515694639428794e+00
1.642538339614007040e-02 7.273037715648011492e+00
1.671949759731988436e-02 7.139887720566500562e+00
1.701887823041484116e-02 7.021259641396204287e+00
1.732361959656713787e-02 6.927135527639210366e+00
1.763381768548267364e-02 6.789380522537212137e+00
1.794957020566648187e-02 6.591255903652339931e+00
1.827097661519973965e-02 6.457717087861234440e+00
1.859813815306787105e-02 6.360754035548233709e+00
1.893115787104941716e-02 6.238112166089219812e+00
1.927014066617622340e-02 6.099391316810547359e+00
1.961519331377450936e-02 5.990927750862487855e+00
1.996642450109793396e-02 5.860415197823813038e+00
2.032394486156254704e-02 5.734610831956746146e+00
2.068786700959511504e-02 5.590029516201363791e+00
2.105830557610499296e-02 5.403316360255248973e+00
2.143537724459170651e-02 5.301019773107266353e+00
2.181920078789862175e-02 5.165185282269115774e+00
2.220989710562497332e-02 5.021063565132920736e+00
2.260758926220756207e-02 4.870379308332156043e+00
2.301240252568475045e-02 4.697764144035441625e+00
2.342446440715422254e-02 4.536078878217558064e+00
2.384390470093720321e-02 4.354916494674569982e+00
2.427085552546235855e-02 4.165664635985232955e+00
2.470545136488121185e-02 3.910323547538367528e+00
2.514782911142910554e-02 3.687592574749342322e+00
2.559812810854429979e-02 3.447522319824074533e+00
2.605649019475972730e-02 3.175698974280998677e+00
2.652305974838020663e-02 2.919381297683573351e+00
2.699798373295961632e-02 2.637797626736062551e+00
2.748141174359290326e-02 2.391499527099949063e+00
2.797349605403644246e-02 2.139297321439639799e+00
2.847439166467247845e-02 1.838870926500528302e+00
2.898425635133205017e-02 1.581578711372946699e+00
2.950325071499276114e-02 1.341532591396050522e+00
3.003153823236584183e-02 1.107357217193331023e+00
3.056928530738936903e-02 9.036146316883568730e-01
3.111666132364318202e-02 7.251241803753448734e-01
3.167383869770293986e-02 5.660750134094043595e-01
3.224099293344902251e-02 4.329704069985801373e-01
3.281830267734783813e-02 3.336115180582762130e-01
3.340594977472358118e-02 2.467418272263387780e-01
3.400411932703702872e-02 1.821390280610684642e-01
3.461299975019024866e-02 1.342543376602387262e-01
3.523278283387502180e-02 9.641766961700933003e-02
3.586366380198454523e-02 6.782689042881431818e-02
3.650584137410636809e-02 4.767292222155605774e-02
3.715951782811628690e-02 3.116753949411991270e-02
3.782489906389382289e-02 2.086529215583479702e-02
3.850219466817776659e-02 1.431901725672155012e-02
3.919161798058357071e-02 9.464775147419571266e-03
3.989338616080227717e-02 6.609048605193370424e-03
4.060772025700361276e-02 5.242340368754047977e-03
4.133484527546314735e-02 4.032461110130642658e-03
4.207499025143619092e-02 3.166312891523783302e-03
4.282838832130149431e-02 3.003861421521055938e-03
4.359527679599600747e-02 2.465451524157688621e-03
4.437589723576497447e-02 2.343047529435582192e-03
4.517049552625002767e-02 2.262225342317118748e-03
4.597932195594063576e-02 2.146369826354839125e-03
4.680263129501155417e-02 1.921068007653027902e-03
4.764068287557195192e-02 1.993004331396267242e-03
4.849374067335233268e-02 1.700667417747955259e-03
4.936207339085320334e-02 1.755775167651078567e-03
5.024595454198320377e-02 1.738014974859312814e-03
5.114566253821210134e-02 1.565311460306645234e-03
5.206148077626757131e-02 1.522759512735396290e-03
5.299369772740127743e-02 1.471551397369044983e-03
5.394260702825338927e-02 1.304430260465281157e-03
5.490850757334505422e-02 1.297328222433291990e-03
5.589170360922603165e-02 1.178150224154872819e-03
5.689250483030872108e-02 1.080983126432585092e-03
5.791122647641758214e-02 1.120642932714506794e-03
5.894818943208639250e-02 1.014059875601977957e-03
6.000372032763253566e-02 9.421997687284735731e-04
6.107815164204104946e-02 8.800988566017460806e-04
6.217182180769209587e-02 8.289654028725792394e-04
6.328507531696239696e-02 8.332143543847285753e-04
6.441826283073628923e-02 7.685303547809795672e-04
6.557174128885895348e-02 7.347223621828821456e-04
6.674587402256879076e-02 7.345379610771391550e-04
6.794103086894180688e-02 7.117974375651005964e-04
6.915758828738524655e-02 6.254369538899350782e-04
7.039592947821837754e-02 6.287623640033071460e-04
7.165644450337524396e-02 5.222961929762168221e-04
7.293953040926957898e-02 5.089024565013617642e-04
7.424559135185886116e-02 5.723344146942170889e-04
7.557503872394921718e-02 4.703253083830156371e-04
7.692829128477855771e-02 4.057876755364428750e-04
7.830577529192006558e-02 4.357602553078496112e-04
7.970792463554886298e-02 3.978246659694358121e-04
8.113518097511134008e-02 4.150757547680888416e-04
8.258799387844271978e-02 3.251870707747629512e-04
8.406682096337454724e-02 3.271063910561960737e-04
8.557212804187962207e-02 2.932484476541589351e-04
8.710438926679621441e-02 3.058160431689071839e-04
8.866408728118060911e-02 3.359216137389430066e-04
9.025171337033295604e-02 2.949191370457695215e-04
9.186776761654695533e-02 2.712412975188488863e-04
9.351275905662902177e-02 2.914613226923183078e-04
9.518720584223794301e-02 2.392572934178736736e-04
9.689163540309721212e-02 2.041630917188922366e-04
9.862658461312810709e-02 2.340669873957833052e-04
1.003925999595585289e-01 2.336174140491042300e-04
1.021902377150588903e-01 1.723677403650283565e-04
1.040200641129621906e-01 1.626006862725437791e-04
1.058826555256198731e-01 1.818593568722540329e-04
1.077785986459511292e-01 1.551685430874646639e-04
1.097084906722451958e-01 1.405766430976344210e-04
1.116729394962703986e-01 1.663822864747756443e-04
1.136725638947529010e-01 1.855293560443113080e-04
1.157079937242826706e-01 1.620664985858979263e-04
1.177798701197118048e-01 1.532148912416083871e-04
1.198888456961032661e-01 1.229973967299761973e-04
1.220355847542956979e-01 1.187648117046162446e-04
1.242207634901513064e-01 1.315612428578199914e-04
1.264450702075481103e-01 1.175964747366187266e-04
1.287092055351875541e-01 1.184381370213317334e-04
1.310138826472825868e-01 1.024369003631577885e-04
1.333598274882003831e-01 1.015913299572506601e-04
1.357477790011246688e-01 9.344456879438783252e-05
1.381784893608129505e-01 9.493157932484040835e-05
1.406527242105236331e-01 8.381430002811733474e-05
1.431712629031829664e-01 8.132218118198569290e-05
1.457348987468720103e-01 7.404332666564284143e-05
1.483444392547075830e-01 7.985681129936756024e-05
1.510007063992004628e-01 7.076798453811621666e-05
1.537045368711655868e-01 7.668440036217853586e-05
1.564567823432682081e-01 6.265433899085925496e-05
1.592583097382919421e-01 6.189223229550803432e-05
1.621100015022073071e-01 4.751500782105238754e-05
1.650127558821318507e-01 4.665298338623332459e-05
1.679674872092653259e-01 5.145286683603072478e-05
1.709751261868944772e-01 4.603471967185565129e-05
1.740366201835520654e-01 4.725200124372979049e-05
1.771529335314248887e-01 5.376147949985560199e-05
1.803250478301084703e-01 5.160443154798941695e-05
1.835539622557971484e-01 4.905150515040622748e-05
1.868406938760128477e-01 3.777397088634025567e-05
1.901862779699670658e-01 3.514840186631229790e-05
1.935917683546629631e-01 3.448277900488405006e-05
1.970582377168335897e-01 3.118154943510977316e-05
2.005867779508233861e-01 3.255834636135526212e-05
2.041785005025236466e-01 2.877756194367859716e-05
2.078345367194623650e-01 3.431100950492907442e-05
2.115560382071654255e-01 3.099215345362693900e-05
2.153441771918961078e-01 2.477849660216870797e-05
2.192001468898943095e-01 2.638689893518125128e-05
2.231251618832228167e-01 3.082545149115038498e-05
2.271204585023464950e-01 3.466785207705996342e-05
2.311872952155588079e-01 2.848542275822841071e-05
2.353269530253865316e-01 2.344048685920459927e-05
2.395407358720879343e-01 2.618822777968740908e-05
2.438299710443762036e-01 2.380998465334034802e-05
2.481960095975016267e-01 2.346971731218029441e-05
2.526402267788150913e-01 2.230540856804559714e-05
2.571640224609547665e-01 1.957155039166085265e-05
2.617688215827862486e-01 2.184445089206410597e-05
2.664560745982436640e-01 2.024451410811457797e-05
2.712272579332029587e-01 2.146899582637433571e-05
2.760838744505356157e-01 1.903426615213386853e-05
2.810274539234950963e-01 1.417612147785857078e-05
2.860595535175738946e-01 1.731050884468046392e-05
2.911817582809924643e-01 1.696228828051110735e-05
2.963956816439669573e-01 1.478925166520945463e-05
3.017029659269230280e-01 1.319925970543770749e-05
3.071052828578045291e-01 1.183340455450871641e-05
3.126043340986449648e-01 1.448844476792036687e-05
3.182018517815732306e-01 1.573273522664400236e-05
3.238995990544111803e-01 1.340020991591600484e-05
3.296993706360442644e-01 1.171513665184889127e-05
3.356029933817328281e-01 1.192325625929733872e-05
3.416123268585524730e-01 1.029524068536990629e-05
3.477292639311326816e-01 1.086591988251512598e-05
3.539557313578828857e-01 1.034659590700821605e-05
3.602936903979016559e-01 1.072468028461648164e-05
3.667451374287458710e-01 9.310972919897148500e-06
3.733121045752660350e-01 1.023113536361512700e-05
3.799966603496969242e-01 1.044641536476824860e-05
3.868009103032177265e-01 9.112858638181429923e-06
3.937269976891720202e-01 8.469735093620857911e-06
4.007771041381630317e-01 8.239504972234268441e-06
4.079534503452448835e-01 8.263569894033152252e-06
4.152582967694103400e-01 7.794548738317329942e-06
4.226939443456088075e-01 8.299561699707496334e-06
4.302627352095084179e-01 7.438727371592157244e-06
4.379670534352445577e-01 6.806221834140155529e-06
4.458093257863708914e-01 7.211452277010974059e-06
4.537920224802564073e-01 7.641045643866260448e-06
4.619176579661786186e-01 5.968876010691320070e-06
4.701887917173395715e-01 6.827158396663085239e-06
4.786080290370700041e-01 5.142890242314388449e-06
4.871780218794630746e-01 6.318331950425336951e-06
4.959014696847126036e-01 6.211384975427426131e-06
5.047811202293998045e-01 4.681154926594799599e-06
5.138197704920055564e-01 5.080992303202965890e-06
5.230202675339293839e-01 3.903810868696694591e-06
5.323855093962741591e-01 4.791790746821849502e-06
5.419184460126947878e-01 5.274305712240865698e-06
5.516220801385859351e-01 4.211422895902290591e-06
5.614994682969185469e-01 4.093516220747251444e-06
5.715537217410034954e-01 3.826577343320650676e-06
5.817880074344935482e-01 3.750127376670517728e-06
5.922055490489439578e-01 4.014493686936374198e-06
6.028096279792241052e-01 3.450858670529209316e-06
6.136035843771182607e-01 4.053915490131634345e-06
6.245908182034262124e-01 3.118725862944448830e-06
6.357747902989157041e-01 3.240813712520632757e-06
6.471590234744390990e-01 3.275115989622772156e-06
6.587471036205769792e-01 2.893684112725818610e-06
6.705426808371436342e-01 2.901386484569717715e-06
6.825494705829302511e-01 3.449556011321350499e-06
6.947712548460239779e-01 3.132895572657405279e-06
7.072118833350828915e-01 2.717858794367930445e-06
7.198752746919536705e-01 2.527509868927380961e-06
7.327654177259894652e-01 2.331177220862204758e-06
7.458863726704776376e-01 2.281227100118445608e-06
7.592422724615558449e-01 2.132951942111701307e-06
7.728373240400445709e-01 2.326954513586966702e-06
7.866758096765761321e-01 2.191902819272812678e-06
8.007620883204512596e-01 2.107507873765413081e-06
8.151005969726630163e-01 1.905709408745198682e-06
8.296958520834898376e-01 1.832690894792470521e-06
8.445524509751244358e-01 1.699687416769001617e-06
8.596750732897655567e-01 1.709503210337554169e-06
8.750684824636563164e-01 1.876946543104569753e-06
8.907375272275028788e-01 1.517560878033701165e-06
9.066871431337570897e-01 1.601779693414882440e-06
9.229223541112651086e-01 1.470586947831012726e-06
9.394482740477347882e-01 1.355601967472531971e-06
9.562701084005491570e-01 1.520796007971746406e-06
9.733931558364132819e-01 1.386971955625954419e-06
9.908228099003787426e-01 1.344723344002883930e-06
1.008564560714737546e+00 1.225094477404013654e-06
1.026623996708334596e+00 1.234939976396798498e-06
1.045006806376866049e+00 1.104134998939434765e-06
1.063718780074674797e+00 1.162249592876353810e-06
1.082765811838644954e+00 1.122525242366865989e-06
1.102153901244738776e+00 1.067730773987881494e-06
1.121889155297803420e+00 1.059028863973462070e-06
1.141977790355191980e+00 9.960265787580586282e-07
1.162426134084832752e+00 9.852126908162155423e-07
1.183240627458377991e+00 9.767403177582536589e-07
1.204427826780020805e+00 8.869959881853974001e-07
1.225994405751652749e+00 8.329060125227692510e-07
1.247947157574986310e+00 7.494353316093057622e-07
1.270292997091343690e+00 7.623961654271755065e-07
1.293038962959736971e+00 7.706095780505221214e-07
1.316192219873949742e+00 7.788719957906951146e-07
1.339760060819341847e+00 7.040731458782903200e-07
1.363749909370036706e+00 7.697403101111579556e-07
1.388169322027260622e+00 5.777739393861104529e-07
1.413025990599533710e+00 6.475847180184213728e-07
1.438327744625510274e+00 5.503175778583979778e-07
1.464082553840177159e+00 6.336508316370743475e-07
1.490298530685210565e+00 6.169744523930772344e-07
1.516983932864311768e+00 6.011751832407929748e-07
1.544147165944268263e+00 5.851012404278910446e-07
1.571796786002607416e+00 4.899858895056587894e-07
1.599941502322641096e+00 5.497355880311797404e-07
1.628590180136800125e+00 4.655814886504612851e-07
1.657751843419061233e+00 4.828364838865459241e-07
1.687435677727375793e+00 4.325572798443502678e-07
1.717651033097024715e+00 4.642376850108765911e-07
1.748407426985750135e+00 4.125470277433339728e-07
1.779714547271640690e+00 3.603208221542039929e-07
1.811582255304678091e+00 3.925907319316708103e-07
1.844020589012959732e+00 3.787610106005262384e-07
1.877039766064505733e+00 3.965541890776486113e-07
1.910650187085704221e+00 3.320073442734148438e-07
1.944862438937361437e+00 3.698966848254674738e-07
1.979687298049454203e+00 3.595248981932988599e-07
2.015135733815558439e+00 3.174284223056818003e-07
2.051218912048057952e+00 2.840449108755988864e-07
2.087948198495259700e+00 2.794647659300941786e-07
2.125335162421445823e+00 2.858963016929841913e-07
2.163391580251054602e+00 2.598976799230850603e-07
2.202129439278089684e+00 2.679623811362916576e-07
2.241560941441992139e+00 2.624739987681481247e-07
2.281698507171087353e+00 2.449981602728290800e-07
2.322554779294847549e+00 2.322927028259557816e-07
2.364142627026255106e+00 2.362954112130938701e-07
2.406475150015421782e+00 2.142567393084066452e-07
2.449565682475824957e+00 2.031860418531312340e-07
2.493427797384397682e+00 1.970775459504031840e-07
2.538075310756876313e+00 1.906291825276256945e-07
2.583522285999656720e+00 1.781588116521641537e-07
2.629783038339574830e+00 1.666371991175630834e-07
2.676872139333054346e+00 1.813045679282372139e-07
2.724804421455945924e+00 1.673991965027330316e-07
2.773594982775577478e+00 1.675997775124991677e-07
2.823259191706437576e+00 1.617937450309754928e-07
2.873812691851063583e+00 1.408463312467396642e-07
2.925271406927565820e+00 1.435250814396835656e-07
2.977651545785379827e+00 1.371300663468919796e-07
3.030969607510886288e+00 1.296450639638959496e-07
3.085242386624392097e+00 1.365756966254811837e-07
3.140486978370206739e+00 1.233955704738194878e-07
3.196720784101402923e+00 1.223184610160161244e-07
3.253961516761064043e+00 1.104931601047097565e-07
3.312227206461619389e+00 1.138760582910991301e-07
3.371536206164081673e+00 1.038880825769058718e-07
3.431907197459042713e+00 9.681585669716026629e-08
3.493359196451109927e+00 9.651274211103201938e-08
3.555911559748757167e+00 9.667493303465482334e-08
3.619583990561382247e+00 8.310998294510760529e-08
3.684396544905615745e+00 8.831308509322632094e-08
3.750369637922692956e+00 8.548067044229540942e-08
3.817524050308943373e+00 8.517341638023826951e-08
3.885880934861495106e+00 8.115553603519521148e-08
3.955461823141109168e+00 7.414980898505579200e-08
4.026288632254369837e+00 7.337852285127488625e-08
4.098383671757261482e+00 7.019085188788862705e-08
4.171769650682449537e+00 6.429729610658233941e-08
4.246469684692319113e+00 6.469529893564424717e-08
4.322507303360086262e+00 6.494317108839046836e-08
4.399906457581375996e+00 6.117156979747548310e-08
4.478691527118416893e+00 5.553853113270030876e-08
4.558887328279377371e+00 5.303366768443200947e-08
4.640519121735154684e+00 5.482349389553240834e-08
4.723612620476226098e+00 5.064944942547815558e-08
4.808193997911880402e+00 4.872349434988784112e-08
4.894289896114531579e+00 4.804234488625358841e-08
4.981927434211598893e+00 4.422215457991458252e-08
5.071134216927750238e+00 4.469297355497188083e-08
5.161938343280014330e+00 4.160062257020919468e-08
5.254368415428590566e+00 4.053750778086204564e-08
5.348453547686227161e+00 3.807361884337999656e-08
5.444223375688825861e+00 3.697470436856468525e-08
5.541708065730317045e+00 3.607890476746908864e-08
5.640938324264618942e+00 3.357585126278903822e-08
5.741945407577849991e+00 3.431375035726336153e-08
5.844761131633637419e+00 3.140840414416086723e-08
5.949417882094708787e+00 3.180267815914679722e-08
6.055948624524037704e+00 3.072848713806906568e-08
6.164386914768541281e+00 2.949770441024494182e-08
6.274766909528767478e+00 2.689686641333496840e-08
6.387123377117783996e+00 2.575091141814221652e-08
6.501491708412831194e+00 2.513468090927489722e-08
6.617907928002968454e+00 2.390345627782200456e-08
6.736408705536328867e+00 2.275713466190080692e-08
6.857031367270676192e+00 2.216598691354589537e-08
6.979813907830652475e+00 2.184506281344822454e-08
7.104795002175642082e+00 2.042312010630980373e-08
7.232014017781833282e+00 1.965799620721214327e-08
7.361511027042570987e+00 1.779330417502401952e-08
7.493326819890612889e+00 1.795015719916980423e-08
7.627502916646401232e+00 1.750766326357496661e-08
7.764081581096530904e+00 1.609593199116652384e-08
7.903105833806256975e+00 1.533965799090645004e-08
8.044619465670457714e+00 1.524360327047484185e-08
8.188667051707156475e+00 1.414525729071492035e-08
8.335293965098186320e+00 1.285535954127080727e-08
8.484546391481133654e+00 1.287871946789638487e-08
8.636471343497166941e+00 1.275118212947364924e-08
8.791116675599548458e+00 1.225129549622938970e-08
8.948531099127105648e+00 1.208738279937737345e-08
9.108764197647733596e+00 1.104629128897560513e-08
9.271866442576518708e+00 1.087316041869708334e-08
9.437889209073716756e+00 1.077639766627772684e-08
9.606884792227223357e+00 9.953708425611031147e-09
9.778906423524816205e+00 9.604205218647422463e-09
9.954008287621517681e+00 8.463750536673390373e-09
1.013224553940700901e+01 8.789267288099138447e-09
1.031367432137876428e+01 8.552256126459206572e-09
1.049835178132614644e+01 7.959549312457773536e-09
1.068633609033138043e+01 7.386351885196285676e-09
1.087768646109263670e+01 7.020529295204992949e-09
1.107246316657523444e+01 6.820398907065529261e-09
1.127072755899699530e+01 6.455554683004979111e-09
1.147254208915333251e+01 6.368196409405599515e-09
1.167797032608851637e+01 6.058944453828125223e-09
1.188707697711903322e+01 5.805061438521999900e-09
1.209992790821570985e+01 5.560069636870492703e-09
1.231659016475061108e+01 4.956556828236586423e-09
1.253713199261540545e+01 5.026834370214804668e-09
1.276162285971811805e+01 4.614701147503040501e-09
1.299013347786454453e+01 4.500305286726446427e-09
1.322273582503164668e+01 4.289921677185407172e-09
1.345950316803959090e+01 4.051848976192285631e-09
1.370051008563004480e+01 3.746882421933786782e-09
1.394583249195743591e+01 3.748000478076469603e-09
1.419554766050101513e+01 3.676222511604787218e-09
1.444973424840491560e+01 3.255291591482809017e-09
1.470847232125433912e+01 3.228747241651232157e-09
1.497184337829512835e+01 3.043964656925575609e-09
1.523993037810490669e+01 2.937656971769490201e-09
1.551281776472418272e+01 2.714790077236834012e-09
1.579059149425502895e+01 2.504104690534065515e-09
1.607333906193624884e+01 2.539079754071223543e-09
1.636114952970314462e+01 2.339567831205087245e-09
1.665411355424110340e+01 2.228314245698888539e-09
1.695232341554121547e+01 2.053303006471373135e-09
1.725587304596721694e+01 1.968081104091186951e-09
1.756485805984321757e+01 1.882234611490534056e-09
1.787937578357084689e+01 1.758979784528626406e-09
1.819952528628595800e+01 1.691286434703811851e-09
1.852540741106398059e+01 1.613105204510626784e-09
1.885712480668447455e+01 1.519435195626949630e-09
1.919478195996407521e+01 1.438832854878308790e-09
1.953848522866842785e+01 1.389666105851768493e-09
1.988834287501376963e+01 1.298895513628788809e-09
2.024446509976801778e+01 1.201407806633423354e-09
2.060696407696271848e+01 1.076208176515532180e-09
2.097595398922627297e+01 1.105094817295155506e-09
2.135155106375030698e+01 1.015845254892120159e-09
2.173387360889962494e+01 9.681919793838015985e-10
2.212304205147775704e+01 9.196121245472672454e-10
2.251917897466013230e+01 8.201448033513076755e-10
2.292240915660607570e+01 7.970174842231116262e-10
2.333285960976244411e+01 7.494929780305810885e-10
2.375065962087078120e+01 6.981106152194995421e-10
2.417594079169128207e+01 6.969585798006626272e-10
2.460883708045556872e+01 6.295052860981829899e-10
2.504948484406169840e+01 6.008225471387117291e-10
2.549802288102517167e+01 5.672585578907583623e-10
2.595459247519851687e+01 5.522997856566221939e-10
2.641933744027405950e+01 4.934038465753860916e-10
2.689240416508318532e+01 4.534180372933834834e-10
2.737394165970731663e+01 4.249500831514512832e-10
2.786410160241407752e+01 4.114448130733060732e-10
2.836303838743384276e+01 3.812797339428078170e-10
2.887090917359234510e+01 3.641550993716580465e-10
2.938787393381349844e+01 3.336343660548091578e-10
2.991409550550897833e+01 3.044832999848989747e-10
3.044973964186971216e+01 2.915296946615545146e-10
3.099497506407644210e+01 2.764655788871324882e-10
3.154997351444457010e+01 2.574963976740951726e-10
3.211490981052066473e+01 2.403053405961156119e-10
3.268996190014815539e+01 2.141992938993608774e-10
3.327531091751843206e+01 2.036334166085788842e-10
3.387114124022595973e+01 1.897317158884368153e-10
3.447764054734464167e+01 1.752264322258215291e-10
3.509499987854479031e+01 1.627847990225589895e-10
3.572341369426792568e+01 1.560664940350882415e-10
3.636307993697955254e+01 1.453287993221572400e-10
3.701420009351822671e+01 1.317099328531590108e-10
3.767697925856183616e+01 1.161716052112530754e-10
3.835162619922963501e+01 1.091955479984780624e-10
3.903835342084103388e+01 1.038586884865609706e-10
3.973737723385254839e+01 9.294991995550792448e-11
4.044891782199260888e+01 9.376900855518716005e-11
4.117319931161679136e+01 8.219795753457186975e-11
4.191044984230450154e+01 7.537270702255303995e-11
4.266090163872057417e+01 6.927151109539703087e-11
4.342479108376286945e+01 6.068645511914442147e-11
4.420235879301966264e+01 5.817301423616045204e-11
4.499384969056106343e+01 5.213873760951095688e-11
4.579951308608665528e+01 4.970805716518594402e-11
4.661960275345514759e+01 4.696359419635381272e-11
4.745437701061950975e+01 4.112515906010468961e-11
4.830409880099451669e+01 3.584553579309431411e-11
4.916903577628031030e+01 3.506970941975322981e-11
5.004946038076904102e+01 3.210922969183203485e-11
5.094564993716197421e+01 2.878706156702897341e-11
5.185788673392228532e+01 2.539286472747548097e-11
5.278645811419257683e+01 2.632372117109873139e-11
5.373165656630395404e+01 2.138450308935718383e-11
5.469377981590677962e+01 2.045337796391486242e-11
5.567313091975024264e+01 1.782058985905699684e-11
5.667001836114107505e+01 1.617858600812406446e-11
5.768475614711258004e+01 1.375037276484516779e-11
5.871766390733249352e+01 1.245815842714614009e-11
5.976906699478250573e+01 1.228183027212246093e-11
6.083929658823992526e+01 1.041155076954158745e-11
6.192868979659553474e+01 1.036805630010891444e-11
6.303758976503831235e+01 9.217779405640524387e-12
6.416634578314148030e+01 7.689568510931154093e-12
6.531531339488510923e+01 7.155981703719172601e-12
6.648485451064743756e+01 6.324951713857830509e-12
6.767533752120247925e+01 5.802669192157891478e-12
6.888713741375781296e+01 5.468208628414063372e-12
7.012063589007176745e+01 4.405053876267117420e-12
7.137622148668425837e+01 3.708444561718379861e-12
7.265428969730044173e+01 3.410777563300936550e-12
7.395524309736718749e+01 3.012202573659350961e-12
7.527949147087868198e+01 2.896344157188868102e-12
7.662745193945353606e+01 2.194511020713412228e-12
7.799954909372227974e+01 2.222126832738094218e-12
7.939621512706898443e+01 1.860190855458840380e-12
8.081788997176630573e+01 1.539500191556915958e-12
8.226502143754808571e+01 1.867968246249425743e-12
8.373806535266488993e+01 1.308195102065400942e-12
8.523748570746342068e+01 1.251450950427266683e-12
8.676375480053800970e+01 9.739789506778905221e-13
8.831735338749813025e+01 8.495299637931115946e-13
8.989877083240133970e+01 7.618331963947523092e-13
9.150850526189631751e+01 6.945893972916437933e-13
9.314706372212600627e+01 5.143816428924611068e-13
9.481496233844178789e+01 5.078768407906812339e-13
9.651272647797584625e+01 4.581375349201669487e-13
9.824089091512558980e+01 2.875301400804810665e-13
1.000000000000000000e+02 3.193255966007962874e-12
